-1 200 200 200 0xff00ff 0 0 1 100 0 0 0 0 0 0 0 
1 0xffffff 1 0 1 0 1 +10 +10 +00 +10 -10 +00 -10 -10 +00 
1 0xffffff 1 0 1 0 1 +10 +10 +00 -10 +10 +00 -10 -10 +00 
1 0xffffff 1 0 1 0 1 +10 +10 +20 +10 -10 +20 -10 -10 +20 
1 0xffffff 1 0 1 0 1 +10 +10 +20 -10 +10 +20 -10 -10 +20 
1 0xffffff 1 0 1 0 1 +10 +10 +00 -10 +10 +00 +10 +10 +20 
1 0xffffff 1 0 1 0 1 -10 +10 +20 -10 +10 +00 +10 +10 +20 
1 0xffffff 1 0 1 0 1 +10 -10 +00 -10 -10 +00 +10 -10 +20 
1 0xffffff 1 0 1 0 1 -10 -10 +20 -10 -10 +00 +10 -10 +20 
1 0x0000ff 1 0 1 0 1 +10 +10 +00 +10 -10 +00 +10 +10 +20 
1 0x0000ff 1 0 1 0 1 +10 -10 +20 +10 -10 +00 +10 +10 +20 
1 0xff0000 1 0 1 0 1 -10 +10 +00 -10 -10 +00 -10 +10 +20 
1 0xff0000 1 0 1 0 1 -10 -10 +20 -10 -10 +00 -10 +10 +20 
0 0xffffff 1 0 0 0 1 0 10 10 1 0 0 0 0 0 